33.522274 76.822960
27.777472 55.396999
36.478447 51.340092
47.739704 62.887089
78.309921 79.844002
84.018776 39.438293
91.164742 19.755136


27.777472 55.396999
36.478447 51.340092
33.522274 76.822960
47.739704 62.887089
78.309921 79.844002
84.018776 39.438293
91.164742 19.755136


84.018776 39.438293
91.164742 19.755136
78.309921 79.844002
47.739704 62.887089
36.478447 51.340092
33.522274 76.822960
27.777472 55.396999


33.522274 76.822960
27.777472 55.396999
36.478447 51.340092
47.739704 62.887089
78.309921 79.844002
91.164742 19.755136
84.018776 39.438293


91.164742 19.755136
84.018776 39.438293
78.309921 79.844002
47.739704 62.887089
27.777472 55.396999
36.478447 51.340092
33.522274 76.822960


36.478447 51.340092
33.522274 76.822960
47.739704 62.887089
27.777472 55.396999
78.309921 79.844002
84.018776 39.438293
91.164742 19.755136


84.018776 39.438293
91.164742 19.755136
78.309921 79.844002
47.739704 62.887089
33.522274 76.822960
27.777472 55.396999
36.478447 51.340092


27.777472 55.396999
36.478447 51.340092
47.739704 62.887089
33.522274 76.822960
78.309921 79.844002
91.164742 19.755136
84.018776 39.438293


91.164742 19.755136
84.018776 39.438293
78.309921 79.844002
33.522274 76.822960
47.739704 62.887089
36.478447 51.340092
27.777472 55.396999


36.478447 51.340092
27.777472 55.396999
33.522274 76.822960
47.739704 62.887089
78.309921 79.844002
84.018776 39.438293
91.164742 19.755136


84.018776 39.438293
91.164742 19.755136
47.739704 62.887089
36.478447 51.340092
27.777472 55.396999
33.522274 76.822960
78.309921 79.844002


33.522274 76.822960
36.478447 51.340092
47.739704 62.887089
27.777472 55.396999
78.309921 79.844002
91.164742 19.755136
84.018776 39.438293


91.164742 19.755136
84.018776 39.438293
78.309921 79.844002
47.739704 62.887089
36.478447 51.340092
27.777472 55.396999
33.522274 76.822960


27.777472 55.396999
33.522274 76.822960
47.739704 62.887089
36.478447 51.340092
78.309921 79.844002
84.018776 39.438293
91.164742 19.755136


84.018776 39.438293
91.164742 19.755136
36.478447 51.340092
27.777472 55.396999
33.522274 76.822960
47.739704 62.887089
78.309921 79.844002


91.164742 19.755136
78.309921 79.844002
33.522274 76.822960
27.777472 55.396999
47.739704 62.887089
36.478447 51.340092
84.018776 39.438293


36.478447 51.340092
27.777472 55.396999
33.522274 76.822960
47.739704 62.887089
78.309921 79.844002
84.018776 39.438293
91.164742 19.755136


84.018776 39.438293
91.164742 19.755136
78.309921 79.844002
33.522274 76.822960
27.777472 55.396999
47.739704 62.887089
36.478447 51.340092


84.018776 39.438293
91.164742 19.755136
78.309921 79.844002
47.739704 62.887089
27.777472 55.396999
36.478447 51.340092
33.522274 76.822960


27.777472 55.396999
33.522274 76.822960
47.739704 62.887089
36.478447 51.340092
78.309921 79.844002
84.018776 39.438293
91.164742 19.755136


84.018776 39.438293
91.164742 19.755136
36.478447 51.340092
27.777472 55.396999
33.522274 76.822960
47.739704 62.887089
78.309921 79.844002


36.478447 51.340092
27.777472 55.396999
47.739704 62.887089
78.309921 79.844002
91.164742 19.755136
84.018776 39.438293
33.522274 76.822960


36.478447 51.340092
27.777472 55.396999
33.522274 76.822960
47.739704 62.887089
78.309921 79.844002
84.018776 39.438293
91.164742 19.755136


36.478447 51.340092
47.739704 62.887089
27.777472 55.396999
33.522274 76.822960
78.309921 79.844002
84.018776 39.438293
91.164742 19.755136


84.018776 39.438293
91.164742 19.755136
78.309921 79.844002
33.522274 76.822960
47.739704 62.887089
27.777472 55.396999
36.478447 51.340092


27.777472 55.396999
36.478447 51.340092
33.522274 76.822960
47.739704 62.887089
78.309921 79.844002
91.164742 19.755136
84.018776 39.438293


91.164742 19.755136
84.018776 39.438293
78.309921 79.844002
47.739704 62.887089
36.478447 51.340092
33.522274 76.822960
27.777472 55.396999


33.522274 76.822960
27.777472 55.396999
47.739704 62.887089
36.478447 51.340092
78.309921 79.844002
84.018776 39.438293
91.164742 19.755136


84.018776 39.438293
91.164742 19.755136
78.309921 79.844002
47.739704 62.887089
27.777472 55.396999
36.478447 51.340092
